header: 
  seq: 4404
  stamp: 
    secs: 1583445851
    nsecs: 356369920
  frame_id: "odom"
child_frame_id: "base_footprint"
pose: 
  pose: 
    position: 
      x: 0.050834454596
      y: -0.646183073521
      z: 0.0
    orientation: 
      x: 0.0
      y: 0.0
      z: -0.715284049511
      w: 0.698833823204
  covariance: [0.0, 0.0, 0.0, 0.0, 0.0, 0.0, 0.0, 0.0, 0.0, 0.0, 0.0, 0.0, 0.0, 0.0, 0.0, 0.0, 0.0, 0.0, 0.0, 0.0, 0.0, 0.0, 0.0, 0.0, 0.0, 0.0, 0.0, 0.0, 0.0, 0.0, 0.0, 0.0, 0.0, 0.0, 0.0, 0.0]
twist: 
  twist: 
    linear: 
      x: 0.000766990473494
      y: 0.0
      z: 0.0
    angular: 
      x: 0.0
      y: 0.0
      z: -0.00155694561545
  covariance: [0.0, 0.0, 0.0, 0.0, 0.0, 0.0, 0.0, 0.0, 0.0, 0.0, 0.0, 0.0, 0.0, 0.0, 0.0, 0.0, 0.0, 0.0, 0.0, 0.0, 0.0, 0.0, 0.0, 0.0, 0.0, 0.0, 0.0, 0.0, 0.0, 0.0, 0.0, 0.0, 0.0, 0.0, 0.0, 0.0]
---
